2 2 100000 0 - 0.500 sec
2 2 1000000 0 - 1.300 sec
2 2 10000000 0 - 10.430 sec
2 2 100000000 0 - 100.500 sec
8 8 100000 0 - 0.710 sec
8 8 1000000 0 - 4.330 sec
8 8 10000000 0 - 39.620 sec
8 8 100000000 0 - 390.830 sec
16 16 100000 0 - 1.190 sec
16 16 1000000 0 - 8.350 sec
16 16 10000000 0 - 85.730 sec
16 16 100000000 0 - 825.880 sec
2 2 100000 1 - 0.450 sec
2 2 1000000 1 - 0.960 sec
2 2 10000000 1 - 5.650 sec
2 2 100000000 1 - 53.440 sec
8 8 100000 1 - 0.950 sec
8 8 1000000 1 - 2.700 sec
8 8 10000000 1 - 23.040 sec
8 8 100000000 1 - 211.030 sec
16 16 100000 1 - 1.570 sec
16 16 1000000 1 - 5.350 sec
16 16 10000000 1 - 41.620 sec
16 16 100000000 1 - 401.570 sec
